2147483647C
18648 16
1420 1
1420 1
1420 1
1420 1
1420 1
1420 1
1420 1
1420 1
1420 1
1420 1
1420 1
1420 1
1420 1
1420 1
1420 1
1420 1
1420 1
1420 1
1420 1
1420 1
1420 1
1420 1
1420 1
1420 1
1420 1
1420 1
1420 1
1420 1
1420 1
1420 1
1420 1
1420 1
1420 1
1420 1
1420 1
1420 1
1420 1
1420 1
1420 1
1420 1
1420 1
1420 1
1420 1
1420 1
1420 1
1420 1
1420 1
1420 1
1420 1
1420 1
1420 1
1420 1
1420 1
1420 1
1420 1
1420 1
1420 1
1420 1
1420 1
1420 1
1420 1
1420 1
1420 1
1420 1
1420 1
1420 1
1420 1
1420 1
1420 1
1420 1
1420 1
1420 1
1420 1
1420 1
1420 1
1420 1
1420 1
1420 1
1420 1
1420 1
1420 1
1420 1
1420 1
1420 1
1420 1
1420 1
1420 1
1420 1
1420 1
1420 1
1420 1
1420 1
1420 1
1420 1
1420 1
1420 1
1420 1
1420 1
1420 1
1420 1
1420 1
1420 1
1420 1
1420 1
1420 1
1420 1
1420 1
1420 1
1420 1
1420 1
1420 1
1420 1
1420 1
1420 1
1420 1
1420 1
1420 1
1420 1
1420 1
1420 1
1420 1
1420 1
1420 1
1420 1
1420 1
1420 1
1420 1
1420 1
1420 1
1420 1
1420 1
1420 1
1420 1
1420 1
1420 1
1420 1
1420 1
1420 1
1420 1
1420 1
1420 1
1420 1
1420 1
1420 1
1420 1
1420 1
1420 1
1420 1
1420 1
1420 1
1420 1
1420 1
1420 1
1420 1
1420 1
1420 1
1420 1
1420 1
1420 1
1420 1
1420 1
1420 1
1420 1
1420 1
1420 1
1420 1
1420 1
1420 1
1420 1
1420 1
1420 1
1420 1
1420 1
1420 1
1420 1
1420 1
1420 1
1420 1
1420 1
1420 1
1420 1
1420 1
1420 1
1420 1
