262144000S,0C
795920 798
793 1
1204 1
789 1
795 1
785 1
1204 1
785 1
1204 1
795 1
1250 1
785 1
793 1
1204 1
789 1
797 1
1204 1
785 1
795 1
791 1
787 1
1250 1
787 1
797 1
793 1
2068 1
785 1
785 1
795 1
1250 1
787 1
791 1
789 1
1204 1
793 1
787 1
793 1
1250 1
785 1
793 1
795 1
791 1
785 1
1250 1
1250 1
1250 1
787 1
1204 1
1250 1
797 1
793 1
787 1
1204 1
787 1
1204 1
785 1
1250 1
785 1
1204 1
795 1
1250 1
785 1
1204 1
1204 1
1250 1
777 1
777 1
769 1
779 1
769 1
777 1
797 1
789 1
1204 1
1538 1
1540 1
793 1
785 1
797 1
797 1
1540 1
1250 1
785 1
795 1
1540 1
1204 1
1990 1
797 1
1250 1
795 1
1250 1
1204 1
787 1
1204 1
785 1
787 1
797 1
791 1
2005 1
1250 1
785 1
785 1
789 1
2011 1
797 1
791 1
1997 1
1250 1
785 1
785 1
791 1
2047 1
789 1
789 1
1250 1
785 1
785 1
797 1
791 1
2077 1
797 1
1250 1
789 1
797 1
787 1
797 1
787 1
785 1
785 1
795 1
787 1
789 1
1250 1
797 1
793 1
793 1
791 1
791 1
787 1
793 1
797 1
787 1
1204 1
795 1
2069 1
791 1
2047 1
787 1
2055 1
1250 1
791 1
2071 1
785 1
797 1
2077 1
785 1
797 1
2077 1
1250 1
791 1
793 1
2079 1
1170 1
1250 1
795 1
793 1
2079 1
1250 1
787 1
1250 1
791 1
1204 1
787 1
1250 1
1250 1
797 1
785 1
785 1
795 1
793 1
1250 1
1204 1
785 1
1250 1
793 1
1250 1
1250 1
793 1
1250 1
789 1
2075 1
797 1
1204 1
1250 1
793 1
1204 1
1204 1
1250 1
1250 1
791 1
1204 1
775 1
775 1
1250 1
775 1
773 1
791 1
1250 1
775 1
775 1
775 1
773 1
775 1
775 1
775 1
1250 1
775 1
775 1
775 1
775 1
1204 1
775 1
773 1
775 1
1250 1
775 1
775 1
1250 1
775 1
795 1
1204 1
1204 1
1204 1
1250 1
793 1
1250 1
1250 1
1250 1
791 1
1204 1
797 1
1250 1
785 1
1204 1
1250 1
775 1
1204 1
1250 1
1250 1
1204 1
1250 1
1204 1
795 1
1873 1
1250 1
1204 1
795 1
1250 1
791 1
1926 1
787 1
1204 1
795 1
1250 1
1250 1
1204 1
773 1
775 1
1250 1
1250 1
791 1
793 1
1250 1
791 1
1204 1
797 1
1204 1
787 1
1250 1
1250 1
795 1
1204 1
1204 1
1250 1
1250 1
1250 1
791 1
1204 1
793 1
2082 1
1250 1
795 1
1204 1
785 1
1204 1
1250 1
1250 1
787 1
1204 1
1204 1
1204 1
1204 1
1250 1
791 1
1204 1
1250 1
795 1
1204 1
1204 1
1204 1
1239 1
793 1
1250 1
1250 1
795 1
775 1
775 1
793 1
1250 1
787 1
775 1
1250 1
1239 1
1204 1
1250 1
1250 1
775 1
2211 1
1204 1
1170 1
1250 1
1204 1
1239 1
793 1
1204 1
1204 1
1204 1
1170 1
1204 1
1170 1
1204 1
1170 1
1204 1
1204 1
1170 1
1204 1
1170 1
1204 1
1170 1
1204 1
1204 1
1204 1
1204 1
1204 1
1204 1
1204 1
1170 1
1204 1
1170 1
1204 1
1204 1
793 1
795 1
793 1
1204 1
1204 1
1204 1
1250 1
785 1
1204 1
1170 1
787 1
1250 1
1204 1
795 1
1250 1
795 1
1068 1
1204 1
1239 1
787 1
1204 1
785 1
1204 1
1239 1
1250 1
1170 1
1250 1
1204 1
1239 1
787 1
1204 1
1250 1
1204 1
791 1
1204 1
789 1
1204 1
1204 1
793 1
1204 1
1250 1
1204 1
1204 1
1258 1
1170 1
1068 1
1204 1
1204 1
1204 1
1170 1
1204 1
1170 1
1204 1
1204 1
1239 1
1204 1
1258 1
1204 1
1170 1
1204 1
1170 1
1204 1
1170 1
1250 1
793 1
1204 1
1204 1
1239 1
1204 1
1204 1
1239 1
1250 1
1068 1
1204 1
1250 1
797 1
1258 1
1204 1
1204 1
1170 1
1250 1
1258 1
1068 1
1250 1
1258 1
1204 1
1170 1
1204 1
1204 1
1204 1
1204 1
1170 1
1204 1
1204 1
1258 1
1204 1
1204 1
1239 1
1204 1
1204 1
1204 1
1204 1
1251 1
1170 1
1204 1
1170 1
1239 1
1170 1
1250 1
1170 1
1170 1
1204 1
1170 1
1170 1
1204 1
1239 1
1239 1
775 1
1204 1
773 1
1204 1
1258 1
1250 1
1258 1
1204 1
1170 1
1204 1
1258 1
789 1
1258 1
1170 1
1258 1
1258 1
1258 1
1068 1
797 1
1204 1
1251 1
1204 1
1250 1
1204 1
1253 1
1206 1
797 1
1252 1
1260 1
1206 1
1253 1
1206 1
1172 1
1206 1
1206 1
1206 1
1252 1
1172 1
1206 1
1206 1
1206 1
1206 1
1206 1
1260 1
1070 1
1260 1
1206 1
1260 1
1252 1
1070 1
1252 1
1206 1
1241 1
1206 1
1206 1
1070 1
1206 1
1260 1
1206 1
1253 1
1204 1
1204 1
-1384040 -1337
1204 1
1170 1
1204 1
1204 1
1170 1
1204 1
1170 1
1204 1
1170 1
1204 1
1204 1
